
% PLOTTING DATA
% import data (copy array and paste) should work,if not put data in excel
% then either copy paste or read excel file
Data = [22.2430704674793,22.2430704674793,22.2430704674793,15.0505577287874,15.0505577287874,15.0505577287874,15.0505577287874,15.0505577287874,15.0505577287874,11.3279878953717,6.20466089060103,6.20466089060103,4.03290651618086,4.03290651618086,4.03290651618086,4.03290651618086,3.96662973201497,3.96662973201497,3.96662973201497,3.96662973201497,3.96662973201497,3.96662973201497,3.96662973201497,3.96662973201497,3.96662973201497,3.96662973201497,3.96662973201497,3.96662973201497,3.96662973201497,3.96662973201497,3.96662973201497,3.96662973201497,3.96662973201497,3.96662973201497,3.96662973201497,3.96662973201497,3.96662973201497,3.96662973201497,3.96662973201497,3.96662973201497,3.96662973201497,3.96662973201497,3.96662973201497,3.96662973201497,3.96662973201497,3.96662973201497,3.78883390998108,3.78883390998108,3.66178686521761,3.66178686521761,3.66178686521761,3.66178686521761,3.66178686521761,3.66178686521761,3.66178686521761,3.66178686521761,3.66178686521761,3.66178686521761,3.66178686521761,3.66178686521761,3.66178686521761,3.66178686521761,3.66178686521761,3.66178686521761,3.66178686521761,3.66178686521761,3.66178686521761,3.66178686521761,1.22934827966456,1.22934827966456,1.22934827966456,1.22934827966456,1.22934827966456,1.22934827966456,1.22934827966456,0.248245589791466,0.248245589791466,0.248245589791466,0.217561947991435,0.217561947991435,0.212716786517163,0.212716786517163,0.212716786517163,0.212716786517163,0.212716786517163,0.212716786517163,0.143855680250617,0.143855680250617,0.131868603510608,0.00623151290052704,0.00623151290052704,0.00623151290052704,0.00623151290052704,0.00623151290052704,0.00623151290052704,0.00623151290052704,0.00623151290052704,0.00623151290052704,0.00623151290052704,0.00623151290052704,0.00623151290052704,0.00623151290052704,0.00623151290052704,0.00605440237454502,0.00605440237454502,0.00605440237454502,0.00605440237454502,0.00605440237454502,0.00605440237454502,0.00605440237454502,0.00605440237454502,0.00605440237454502,0.00605440237454502,0.00605440237454502,0.00605440237454502,0.00605440237454502,0.00605440237454502,0.00117922042469587,0.00117922042469587,0.00117922042469587,0.00117922042469587,0.00117922042469587,0.00117922042469587,0.00117922042469587,0.00117922042469587,0.00117922042469587,0.00117922042469587,0.00117922042469587,0.00117922042469587,0.00117922042469587,0.00117922042469587,0.00117922042469587,0.00117922042469587,0.00117922042469587,0.00117922042469587,0.00117922042469587,0.00117922042469587,0.00117922042469587,0.00117922042469587,0.00117922042469587,0.00117922042469587,0.00117922042469587,0.00117922042469587,0.00117922042469587,0.00117922042469587,0.00117922042469587,0.00117922042469587,0.00117922042469587,0.00117922042469587,0.00117922042469587,0.00117922042469587,0.00117922042469587,0.00117922042469587,0.00117922042469587,0.00117922042469587,0.00117922042469587,0.000890083175306700,0.000890083175306700,0.000890083175306700,0.000890083175306700,0.000890083175306700,0.000619943098048026,0.000619943098048026,0.000479756229488260,0.000479756229488260,0.000376914109864401,0.000376914109864401,0.000285053280165926,0.000285053280165926,0.000285053280165926,0.000285053280165926,0.000285053280165926,0.000285053280165926,0.000285053280165926,0.000215233957661098,0.000215233957661098,0.000204734832330189,0.000204734832330189,0.000204734832330189,0.000204734832330189,0.000204734832330189,0.000204734832330189,0.000204734832330189,0.000204734832330189,0.000162924152974142,0.000162924152974142,0.000162620738350938,0.000162620738350938,0.000162620738350938,0.000162620738350938,0.000156549279697771,0.000156549279697771,0.000152101653910108,0.000152101653910108,0.000152101653910108,0.000152101653910108,0.000152101653910108,0.000152101653910108,0.000152101653910108,0.000152101653910108,0.000152101653910108,0.000152101653910108,0.000147600961255989,0.000117922273403792,0.000117922273403792,0.000117375298188449,0.000117375298188449,0.000117375298188449,0.000117375298188449,0.000117375298188449,0.000117375298188449,0.000117375298188449,0.000114839308341885,0.000100981624083119,9.08263831789213e-05,8.32979710239101e-05,6.78460798084757e-05,6.78460798084757e-05,6.39704226337301e-05,6.02631594688319e-05,5.86775422704022e-05,5.82923725005458e-05,5.82923725005458e-05,5.82923725005458e-05,5.82923725005458e-05,5.64098872537500e-05,5.59420496166752e-05,5.56615584983433e-05,5.56615584983433e-05,5.56615584983433e-05,5.56615584983433e-05,5.56615584983433e-05,5.55966004540665e-05,5.55966004540665e-05,5.55966004540665e-05,5.55966004540665e-05,5.55966004540665e-05,5.55966004540665e-05,5.55966004540665e-05,5.55881775170519e-05,5.55881775170519e-05,5.55881775170519e-05,5.55881775170519e-05,5.55881775170519e-05,5.55881775170519e-05,5.55881775170519e-05,5.55868642280188e-05,5.55868642280188e-05,5.55868642280188e-05,5.55868642280188e-05,5.55868642280188e-05,5.55868642280188e-05,5.55868642280188e-05,5.55868642280188e-05,5.55868642280188e-05,5.55868642280188e-05,5.55868642280188e-05,5.55868642280188e-05,5.55868642280188e-05,5.55868642280188e-05,5.55868642280188e-05,5.26588095155489e-05,5.16002840562635e-05,5.15867984205443e-05,5.15867984205443e-05,5.15734362878106e-05,5.15734362878106e-05,5.15734362878106e-05,5.15338803879217e-05,5.15338803879217e-05,5.15338803879217e-05,5.15338803879217e-05,5.15220109704728e-05,5.15199023993773e-05,5.15199023993773e-05,5.15199023993773e-05,5.15199023993773e-05,5.15199023993773e-05,5.15199023993773e-05,5.15199023993773e-05,5.15199023993773e-05,5.15199023993773e-05,5.04650731869560e-05,5.04650731869560e-05,5.04650731869560e-05,5.04650731869560e-05,4.90668557304730e-05,4.50829479810011e-05,4.45338731189793e-05,4.45338731189793e-05,4.38245629510448e-05,4.38245629510448e-05,4.36955313851684e-05,4.36955313851684e-05,4.36955313851684e-05,4.36955313851684e-05,4.36955313851684e-05,4.35718731068846e-05,4.35718731068846e-05,4.35718731068846e-05,3.95473823999737e-05,3.74083101633005e-05,3.71414691855421e-05,3.59382610497505e-05,3.38932081120902e-05,3.10052638852199e-05,2.92272322006681e-05,2.92272322006681e-05,2.92272322006681e-05,2.80537450549900e-05,1.82844885117106e-05,1.15350080776011e-05,3.64892387949567e-06,2.49409728070305e-06,2.40800360273852e-06,2.40800360273852e-06,2.40800360273852e-06,2.40800360273852e-06,2.40800360273852e-06,2.02880126209948e-06,2.02880126209948e-06,2.02880126209948e-06,2.02880126209948e-06,2.02880126209948e-06,2.02880126209948e-06,2.02880126209948e-06,2.02880126209948e-06,2.02880126209948e-06,2.02880126209948e-06,2.02880126209948e-06,2.02880126209948e-06,2.02880126209948e-06,2.02880126209948e-06,2.02880126209948e-06,2.02880126209948e-06,2.02880126209948e-06,2.02880126209948e-06,2.02880126209948e-06,2.02880126209948e-06,2.02880126209948e-06,2.02880126209948e-06,1.10102966743852e-06,1.10102966743852e-06,1.10102966743852e-06,1.10102966743852e-06,1.10102966743852e-06,1.10102966743852e-06,1.10102966743852e-06,1.10102966743852e-06,1.10102966743852e-06,1.10102966743852e-06,1.10102966743852e-06,1.10102966743852e-06,1.10102966743852e-06,1.10102966743852e-06,1.10102966743852e-06,1.10102966743852e-06,1.10102966743852e-06,1.10102966743852e-06,1.10102966743852e-06,1.10102966743852e-06,1.10102966743852e-06,1.10102966743852e-06,1.10102966743852e-06,1.10102966743852e-06,1.10102966743852e-06,1.10102966743852e-06,1.10102966743852e-06,1.10102966743852e-06,1.10102966743852e-06,1.10102966743852e-06,1.10102966743852e-06,1.10102966743852e-06,4.47250194213211e-07,4.47250194213211e-07,4.47250194213211e-07,4.47250194213211e-07,4.47250194213211e-07,4.47250194213211e-07,4.47250194213211e-07,4.47250194213211e-07,4.47250194213211e-07,4.47250194213211e-07,4.47250194213211e-07,4.47250194213211e-07,4.47250194213211e-07,4.47250194213211e-07,4.47250194213211e-07,4.47250194213211e-07,4.47250194213211e-07,4.47250194213211e-07,4.47250194213211e-07,4.47250194213211e-07,